(kicad_pcb (version 20171130) (host pcbnew "(5.1.0)-1")

  (general
    (thickness 1.6)
    (drawings 24)
    (tracks 904)
    (zones 0)
    (modules 66)
    (nets 61)
  )

  (page A4)
  (layers
    (0 F.Cu signal)
    (31 B.Cu signal)
    (32 B.Adhes user)
    (33 F.Adhes user)
    (34 B.Paste user)
    (35 F.Paste user)
    (36 B.SilkS user)
    (37 F.SilkS user)
    (38 B.Mask user)
    (39 F.Mask user)
    (40 Dwgs.User user)
    (41 Cmts.User user)
    (42 Eco1.User user)
    (43 Eco2.User user)
    (44 Edge.Cuts user)
    (45 Margin user)
    (46 B.CrtYd user)
    (47 F.CrtYd user)
    (48 B.Fab user)
    (49 F.Fab user)
  )

  (setup
    (last_trace_width 0.25)
    (user_trace_width 0.3)
    (user_trace_width 0.4)
    (trace_clearance 0.19)
    (zone_clearance 0.508)
    (zone_45_only no)
    (trace_min 0.2)
    (via_size 0.8)
    (via_drill 0.4)
    (via_min_size 0.4)
    (via_min_drill 0.3)
    (user_via 0.7 0.3)
    (user_via 1.4 0.9)
    (uvia_size 0.3)
    (uvia_drill 0.1)
    (uvias_allowed no)
    (uvia_min_size 0.2)
    (uvia_min_drill 0.1)
    (edge_width 0.05)
    (segment_width 0.2)
    (pcb_text_width 0.3)
    (pcb_text_size 1.5 1.5)
    (mod_edge_width 0.12)
    (mod_text_size 1 1)
    (mod_text_width 0.15)
    (pad_size 1.524 1.524)
    (pad_drill 0.762)
    (pad_to_mask_clearance 0.051)
    (solder_mask_min_width 0.25)
    (aux_axis_origin 0 0)
    (visible_elements 7FFFFFFF)
    (pcbplotparams
      (layerselection 0x010fc_ffffffff)
      (usegerberextensions false)
      (usegerberattributes false)
      (usegerberadvancedattributes false)
      (creategerberjobfile false)
      (excludeedgelayer true)
      (linewidth 0.100000)
      (plotframeref false)
      (viasonmask false)
      (mode 1)
      (useauxorigin false)
      (hpglpennumber 1)
      (hpglpenspeed 20)
      (hpglpendiameter 15.000000)
      (psnegative false)
      (psa4output false)
      (plotreference true)
      (plotvalue true)
      (plotinvisibletext false)
      (padsonsilk false)
      (subtractmaskfromsilk false)
      (outputformat 1)
      (mirror false)
      (drillshape 0)
      (scaleselection 1)
      (outputdirectory ""))
  )

  (net 0 "")
  (net 1 GNDD)
  (net 2 VPP)
  (net 3 /GND_5v_IN_ISO)
  (net 4 /+5v_IN_ISO)
  (net 5 /1_CX_IN)
  (net 6 /1_CX_OUT)
  (net 7 /IN_+24v)
  (net 8 /IN_GND_24v)
  (net 9 +5V)
  (net 10 "Net-(C17-Pad1)")
  (net 11 "Net-(D1-Pad1)")
  (net 12 "Net-(D1-Pad2)")
  (net 13 "Net-(D1-Pad3)")
  (net 14 "Net-(D2-Pad2)")
  (net 15 "Net-(D5-Pad2)")
  (net 16 /RESET)
  (net 17 /SWDIO)
  (net 18 /SWDCL)
  (net 19 /B_ISO)
  (net 20 /A_ISO)
  (net 21 /G)
  (net 22 /R)
  (net 23 /B)
  (net 24 /DE_ISO)
  (net 25 "Net-(R5-Pad2)")
  (net 26 /RX_ISO)
  (net 27 "Net-(R10-Pad2)")
  (net 28 "Net-(R11-Pad2)")
  (net 29 /DE)
  (net 30 /TX)
  (net 31 /RX)
  (net 32 /TX_ISO)
  (net 33 /IN4)
  (net 34 /IN8)
  (net 35 /IN3)
  (net 36 /IN7)
  (net 37 /IN2)
  (net 38 /IN6)
  (net 39 /IN1)
  (net 40 /IN5)
  (net 41 /OUT1)
  (net 42 /OUT2)
  (net 43 /OUT3)
  (net 44 /OUT4)
  (net 45 /OUT5)
  (net 46 /OUT6)
  (net 47 /OUT7)
  (net 48 /OUT8)
  (net 49 /SCL)
  (net 50 /SDA)
  (net 51 "Net-(R17-Pad2)")
  (net 52 "Net-(R18-Pad2)")
  (net 53 "Net-(R19-Pad2)")
  (net 54 "Net-(R20-Pad2)")
  (net 55 "Net-(SW2-Pad4)")
  (net 56 "Net-(SW2-Pad5)")
  (net 57 "Net-(SW2-Pad6)")
  (net 58 /WP)
  (net 59 "Net-(R8-Pad1)")
  (net 60 "Net-(R9-Pad1)")

  (net_class Default "Это класс цепей по умолчанию."
    (clearance 0.19)
    (trace_width 0.25)
    (via_dia 0.8)
    (via_drill 0.4)
    (uvia_dia 0.3)
    (uvia_drill 0.1)
    (add_net +5V)
    (add_net /+5v_IN_ISO)
    (add_net /1_CX_IN)
    (add_net /1_CX_OUT)
    (add_net /A_ISO)
    (add_net /B)
    (add_net /B_ISO)
    (add_net /DE)
    (add_net /DE_ISO)
    (add_net /G)
    (add_net /GND_5v_IN_ISO)
    (add_net /IN1)
    (add_net /IN2)
    (add_net /IN3)
    (add_net /IN4)
    (add_net /IN5)
    (add_net /IN6)
    (add_net /IN7)
    (add_net /IN8)
    (add_net /IN_+24v)
    (add_net /IN_GND_24v)
    (add_net /OUT1)
    (add_net /OUT2)
    (add_net /OUT3)
    (add_net /OUT4)
    (add_net /OUT5)
    (add_net /OUT6)
    (add_net /OUT7)
    (add_net /OUT8)
    (add_net /R)
    (add_net /RESET)
    (add_net /RX)
    (add_net /RX_ISO)
    (add_net /SCL)
    (add_net /SDA)
    (add_net /SWDCL)
    (add_net /SWDIO)
    (add_net /TX)
    (add_net /TX_ISO)
    (add_net /WP)
    (add_net GNDD)
    (add_net "Net-(C17-Pad1)")
    (add_net "Net-(D1-Pad1)")
    (add_net "Net-(D1-Pad2)")
    (add_net "Net-(D1-Pad3)")
    (add_net "Net-(D2-Pad2)")
    (add_net "Net-(D5-Pad2)")
    (add_net "Net-(R10-Pad2)")
    (add_net "Net-(R11-Pad2)")
    (add_net "Net-(R17-Pad2)")
    (add_net "Net-(R18-Pad2)")
    (add_net "Net-(R19-Pad2)")
    (add_net "Net-(R20-Pad2)")
    (add_net "Net-(R5-Pad2)")
    (add_net "Net-(R8-Pad1)")
    (add_net "Net-(R9-Pad1)")
    (add_net "Net-(SW2-Pad4)")
    (add_net "Net-(SW2-Pad5)")
    (add_net "Net-(SW2-Pad6)")
    (add_net VPP)
  )

  (module Connector_RJ:RJ45_Ninigi_GE (layer F.Cu) (tedit 5E92AC1D) (tstamp 5E91DE02)
    (at 126.9 113.59 90)
    (descr "1 port ethernet throughhole connector, https://en.ninigi.com/product/rj45ge/pdf")
    (tags "RJ45 ethernet 8p8c")
    (path /5E9DC704)
    (fp_text reference J2 (at 4.445 -5.34 90) (layer F.SilkS)
      (effects (font (size 1 1) (thickness 0.15)))
    )
    (fp_text value RJ45_Shielded (at 4.455 13.26 90) (layer F.Fab)
      (effects (font (size 1 1) (thickness 0.15)))
    )
    (fp_text user %R (at 4.445 6.36 90) (layer F.Fab)
      (effects (font (size 1 1) (thickness 0.15)))
    )
    (fp_line (start -3.565 11.15) (end -3.565 14.59) (layer F.SilkS) (width 0.12))
    (fp_line (start -3.455 -2.84) (end -2.125 -4.17) (layer F.Fab) (width 0.1))
    (fp_line (start -4.441 0.508) (end -3.933 0) (layer F.SilkS) (width 0.12))
    (fp_line (start -4.441 -0.508) (end -4.441 0.508) (layer F.SilkS) (width 0.12))
    (fp_line (start -3.933 0) (end -4.441 -0.508) (layer F.SilkS) (width 0.12))
    (fp_line (start -5.33 14.98) (end -5.33 -4.67) (layer F.CrtYd) (width 0.05))
    (fp_line (start 14.22 14.98) (end -5.33 14.98) (layer F.CrtYd) (width 0.05))
    (fp_line (start 14.22 -4.67) (end 14.22 14.98) (layer F.CrtYd) (width 0.05))
    (fp_line (start -5.33 -4.67) (end 14.22 -4.67) (layer F.CrtYd) (width 0.05))
    (fp_line (start 12.455 11.15) (end 12.455 14.59) (layer F.SilkS) (width 0.12))
    (fp_line (start 12.455 14.59) (end -3.565 14.59) (layer F.SilkS) (width 0.12))
    (fp_line (start -3.565 -4.28) (end -3.565 7.65) (layer F.SilkS) (width 0.12))
    (fp_line (start 12.455 -4.28) (end -3.565 -4.28) (layer F.SilkS) (width 0.12))
    (fp_line (start 12.455 -4.28) (end 12.455 7.65) (layer F.SilkS) (width 0.12))
    (fp_line (start 12.345 14.48) (end -3.455 14.48) (layer F.Fab) (width 0.1))
    (fp_line (start 12.345 14.48) (end 12.345 -4.17) (layer F.Fab) (width 0.1))
    (fp_line (start 12.345 -4.17) (end -2.125 -4.17) (layer F.Fab) (width 0.1))
    (fp_line (start -3.455 -2.84) (end -3.455 14.48) (layer F.Fab) (width 0.1))
    (pad 6 thru_hole circle (at 6.35 -2.54 270) (size 1.5 1.5) (drill 0.9) (layers *.Cu *.Mask))
    (pad 8 thru_hole circle (at 8.89 -2.54 270) (size 1.5 1.5) (drill 0.9) (layers *.Cu *.Mask)
      (net 8 /IN_GND_24v))
    (pad SH thru_hole circle (at -3.325 9.4 90) (size 3 3) (drill 1.6) (layers *.Cu *.Mask)
      (net 3 /GND_5v_IN_ISO))
    (pad 2 thru_hole circle (at 1.27 -2.54 270) (size 1.5 1.5) (drill 0.9) (layers *.Cu *.Mask)
      (net 20 /A_ISO))
    (pad 1 thru_hole rect (at 0 0 270) (size 1.5 1.5) (drill 0.9) (layers *.Cu *.Mask)
      (net 19 /B_ISO))
    (pad 7 thru_hole circle (at 7.62 0 270) (size 1.5 1.5) (drill 0.9) (layers *.Cu *.Mask)
      (net 7 /IN_+24v))
    (pad 4 thru_hole circle (at 3.81 -2.54 270) (size 1.5 1.5) (drill 0.9) (layers *.Cu *.Mask)
      (net 4 /+5v_IN_ISO))
    (pad 5 thru_hole circle (at 5.08 0 270) (size 1.5 1.5) (drill 0.9) (layers *.Cu *.Mask))
    (pad 3 thru_hole circle (at 2.54 0 270) (size 1.5 1.5) (drill 0.9) (layers *.Cu *.Mask)
      (net 3 /GND_5v_IN_ISO))
    (pad "" np_thru_hole circle (at -1.27 6.35 90) (size 3.25 3.25) (drill 3.25) (layers *.Cu *.Mask))
    (pad SH thru_hole circle (at 12.215 9.4 270) (size 3 3) (drill 1.6) (layers *.Cu *.Mask)
      (net 3 /GND_5v_IN_ISO))
    (pad "" np_thru_hole circle (at 10.16 6.35 270) (size 3.25 3.25) (drill 3.25) (layers *.Cu *.Mask))
    (model D:/Radio/KiCad/share/kicad/kicad-packages3D-master/Connector_RJ.3dshapes/ACC-M-FRJAE-418-REVT1.STEP
      (offset (xyz 4.5 -5.1 4))
      (scale (xyz 1 1 1))
      (rotate (xyz -90 0 0))
    )
  )

  (module Connector_IDC:IDC-Header_2x13_P2.54mm_Vertical (layer F.Cu) (tedit 59DE1198) (tstamp 5E92386F)
    (at 96.4 44.5)
    (descr "Through hole straight IDC box header, 2x13, 2.54mm pitch, double rows")
    (tags "Through hole IDC box header THT 2x13 2.54mm double row")
    (path /5EDD3363)
    (fp_text reference J5 (at 6.87 1.17) (layer F.SilkS)
      (effects (font (size 1 1) (thickness 0.15)))
    )
    (fp_text value Conn_02x13_Odd_Even (at 1.27 37.084) (layer F.Fab)
      (effects (font (size 1 1) (thickness 0.15)))
    )
    (fp_line (start -3.655 -5.6) (end -1.115 -5.6) (layer F.SilkS) (width 0.12))
    (fp_line (start -3.655 -5.6) (end -3.655 -3.06) (layer F.SilkS) (width 0.12))
    (fp_line (start -3.405 -5.35) (end 5.945 -5.35) (layer F.SilkS) (width 0.12))
    (fp_line (start -3.405 35.83) (end -3.405 -5.35) (layer F.SilkS) (width 0.12))
    (fp_line (start 5.945 35.83) (end -3.405 35.83) (layer F.SilkS) (width 0.12))
    (fp_line (start 5.945 -5.35) (end 5.945 35.83) (layer F.SilkS) (width 0.12))
    (fp_line (start -3.41 -5.35) (end 5.95 -5.35) (layer F.CrtYd) (width 0.05))
    (fp_line (start -3.41 35.83) (end -3.41 -5.35) (layer F.CrtYd) (width 0.05))
    (fp_line (start 5.95 35.83) (end -3.41 35.83) (layer F.CrtYd) (width 0.05))
    (fp_line (start 5.95 -5.35) (end 5.95 35.83) (layer F.CrtYd) (width 0.05))
    (fp_line (start -3.155 35.58) (end -2.605 35.02) (layer F.Fab) (width 0.1))
    (fp_line (start -3.155 -5.1) (end -2.605 -4.56) (layer F.Fab) (width 0.1))
    (fp_line (start 5.695 35.58) (end 5.145 35.02) (layer F.Fab) (width 0.1))
    (fp_line (start 5.695 -5.1) (end 5.145 -4.56) (layer F.Fab) (width 0.1))
    (fp_line (start 5.145 35.02) (end -2.605 35.02) (layer F.Fab) (width 0.1))
    (fp_line (start 5.695 35.58) (end -3.155 35.58) (layer F.Fab) (width 0.1))
    (fp_line (start 5.145 -4.56) (end -2.605 -4.56) (layer F.Fab) (width 0.1))
    (fp_line (start 5.695 -5.1) (end -3.155 -5.1) (layer F.Fab) (width 0.1))
    (fp_line (start -2.605 17.49) (end -3.155 17.49) (layer F.Fab) (width 0.1))
    (fp_line (start -2.605 12.99) (end -3.155 12.99) (layer F.Fab) (width 0.1))
    (fp_line (start -2.605 17.49) (end -2.605 35.02) (layer F.Fab) (width 0.1))
    (fp_line (start -2.605 -4.56) (end -2.605 12.99) (layer F.Fab) (width 0.1))
    (fp_line (start -3.155 -5.1) (end -3.155 35.58) (layer F.Fab) (width 0.1))
    (fp_line (start 5.145 -4.56) (end 5.145 35.02) (layer F.Fab) (width 0.1))
    (fp_line (start 5.695 -5.1) (end 5.695 35.58) (layer F.Fab) (width 0.1))
    (fp_text user %R (at 1.27 15.24) (layer F.Fab)
      (effects (font (size 1 1) (thickness 0.15)))
    )
    (pad 26 thru_hole oval (at 2.54 30.48) (size 1.7272 1.7272) (drill 1.016) (layers *.Cu *.Mask)
      (net 1 GNDD))
    (pad 25 thru_hole oval (at 0 30.48) (size 1.7272 1.7272) (drill 1.016) (layers *.Cu *.Mask)
      (net 1 GNDD))
    (pad 24 thru_hole oval (at 2.54 27.94) (size 1.7272 1.7272) (drill 1.016) (layers *.Cu *.Mask)
      (net 2 VPP))
    (pad 23 thru_hole oval (at 0 27.94) (size 1.7272 1.7272) (drill 1.016) (layers *.Cu *.Mask)
      (net 48 /OUT8))
    (pad 22 thru_hole oval (at 2.54 25.4) (size 1.7272 1.7272) (drill 1.016) (layers *.Cu *.Mask)
      (net 1 GNDD))
    (pad 21 thru_hole oval (at 0 25.4) (size 1.7272 1.7272) (drill 1.016) (layers *.Cu *.Mask)
      (net 2 VPP))
    (pad 20 thru_hole oval (at 2.54 22.86) (size 1.7272 1.7272) (drill 1.016) (layers *.Cu *.Mask)
      (net 47 /OUT7))
    (pad 19 thru_hole oval (at 0 22.86) (size 1.7272 1.7272) (drill 1.016) (layers *.Cu *.Mask)
      (net 1 GNDD))
    (pad 18 thru_hole oval (at 2.54 20.32) (size 1.7272 1.7272) (drill 1.016) (layers *.Cu *.Mask)
      (net 2 VPP))
    (pad 17 thru_hole oval (at 0 20.32) (size 1.7272 1.7272) (drill 1.016) (layers *.Cu *.Mask)
      (net 46 /OUT6))
    (pad 16 thru_hole oval (at 2.54 17.78) (size 1.7272 1.7272) (drill 1.016) (layers *.Cu *.Mask)
      (net 1 GNDD))
    (pad 15 thru_hole oval (at 0 17.78) (size 1.7272 1.7272) (drill 1.016) (layers *.Cu *.Mask)
      (net 2 VPP))
    (pad 14 thru_hole oval (at 2.54 15.24) (size 1.7272 1.7272) (drill 1.016) (layers *.Cu *.Mask)
      (net 45 /OUT5))
    (pad 13 thru_hole oval (at 0 15.24) (size 1.7272 1.7272) (drill 1.016) (layers *.Cu *.Mask)
      (net 1 GNDD))
    (pad 12 thru_hole oval (at 2.54 12.7) (size 1.7272 1.7272) (drill 1.016) (layers *.Cu *.Mask)
      (net 2 VPP))
    (pad 11 thru_hole oval (at 0 12.7) (size 1.7272 1.7272) (drill 1.016) (layers *.Cu *.Mask)
      (net 44 /OUT4))
    (pad 10 thru_hole oval (at 2.54 10.16) (size 1.7272 1.7272) (drill 1.016) (layers *.Cu *.Mask)
      (net 1 GNDD))
    (pad 9 thru_hole oval (at 0 10.16) (size 1.7272 1.7272) (drill 1.016) (layers *.Cu *.Mask)
      (net 2 VPP))
    (pad 8 thru_hole oval (at 2.54 7.62) (size 1.7272 1.7272) (drill 1.016) (layers *.Cu *.Mask)
      (net 43 /OUT3))
    (pad 7 thru_hole oval (at 0 7.62) (size 1.7272 1.7272) (drill 1.016) (layers *.Cu *.Mask)
      (net 1 GNDD))
    (pad 6 thru_hole oval (at 2.54 5.08) (size 1.7272 1.7272) (drill 1.016) (layers *.Cu *.Mask)
      (net 2 VPP))
    (pad 5 thru_hole oval (at 0 5.08) (size 1.7272 1.7272) (drill 1.016) (layers *.Cu *.Mask)
      (net 42 /OUT2))
    (pad 4 thru_hole oval (at 2.54 2.54) (size 1.7272 1.7272) (drill 1.016) (layers *.Cu *.Mask)
      (net 1 GNDD))
    (pad 3 thru_hole oval (at 0 2.54) (size 1.7272 1.7272) (drill 1.016) (layers *.Cu *.Mask)
      (net 2 VPP))
    (pad 2 thru_hole oval (at 2.54 0) (size 1.7272 1.7272) (drill 1.016) (layers *.Cu *.Mask)
      (net 41 /OUT1))
    (pad 1 thru_hole rect (at 0 0) (size 1.7272 1.7272) (drill 1.016) (layers *.Cu *.Mask)
      (net 1 GNDD))
    (model ${KISYS3DMOD}/Connector_IDC.3dshapes/IDC-Header_2x13_P2.54mm_Vertical.wrl
      (at (xyz 0 0 0))
      (scale (xyz 1 1 1))
      (rotate (xyz 0 0 0))
    )
  )

  (module Converter_DCDC:Converter_DCDC_AM3F-xxxxSH52Z_THT (layer F.Cu) (tedit 5E92EB7C) (tstamp 5E92B93C)
    (at 138.2 94.6 180)
    (descr "DCDC-Converter, RECOM, RECOM_R5xxxPA, SIP-12, pitch 2.54mm, package size 32.2x9.1x15mm^3, https://www.recom-power.com/pdf/Innoline/R-5xxxPA_DA.pdf")
    (tags "dc-dc recom buck sip-12 pitch 2.54mm")
    (path /5E9DC78E)
    (fp_text reference D4 (at 13.98 -5.099 180) (layer F.SilkS)
      (effects (font (size 1 1) (thickness 0.15)))
    )
    (fp_text value AM3F-xxxxSH52Z (at 13.98 6.351 180) (layer F.Fab)
      (effects (font (size 1 1) (thickness 0.15)))
    )
    (fp_text user %R (at 13.98 0.801 180) (layer F.Fab)
      (effects (font (size 1 1) (thickness 0.15)))
    )
    (fp_line (start 30.36 -4.349) (end -2.34 -4.349) (layer F.CrtYd) (width 0.05))
    (fp_line (start 30.36 5.601) (end 30.36 -4.349) (layer F.CrtYd) (width 0.05))
    (fp_line (start -2.34 5.601) (end 30.36 5.601) (layer F.CrtYd) (width 0.05))
    (fp_line (start -2.34 -4.349) (end -2.34 5.601) (layer F.CrtYd) (width 0.05))
    (fp_line (start -2.391 -4.049) (end -1.151 -4.049) (layer F.SilkS) (width 0.12))
    (fp_line (start -2.391 -2.809) (end -2.391 -4.049) (layer F.SilkS) (width 0.12))
    (fp_line (start 30.17 -3.81) (end 30.17 5.411) (layer F.SilkS) (width 0.12))
    (fp_line (start -2.15 -3.81) (end -2.15 5.411) (layer F.SilkS) (width 0.12))
    (fp_line (start -2.15 5.411) (end 30.17 5.411) (layer F.SilkS) (width 0.12))
    (fp_line (start 29.02 -3.81) (end 30.17 -3.81) (layer F.SilkS) (width 0.12))
    (fp_line (start 26.48 -3.81) (end 26.88 -3.81) (layer F.SilkS) (width 0.12))
    (fp_line (start 23.94 -3.81) (end 24.34 -3.81) (layer F.SilkS) (width 0.12))
    (fp_line (start 21.4 -3.81) (end 21.8 -3.81) (layer F.SilkS) (width 0.12))
    (fp_line (start 18.86 -3.81) (end 19.26 -3.81) (layer F.SilkS) (width 0.12))
    (fp_line (start 16.32 -3.81) (end 16.72 -3.81) (layer F.SilkS) (width 0.12))
    (fp_line (start 13.78 -3.81) (end 14.18 -3.81) (layer F.SilkS) (width 0.12))
    (fp_line (start 11.24 -3.81) (end 11.64 -3.81) (layer F.SilkS) (width 0.12))
    (fp_line (start 8.7 -3.81) (end 9.1 -3.81) (layer F.SilkS) (width 0.12))
    (fp_line (start 6.16 -3.81) (end 6.561 -3.81) (layer F.SilkS) (width 0.12))
    (fp_line (start 3.62 -3.81) (end 4.02 -3.81) (layer F.SilkS) (width 0.12))
    (fp_line (start 1.08 -3.81) (end 1.481 -3.81) (layer F.SilkS) (width 0.12))
    (fp_line (start -2.15 -3.81) (end -1.06 -3.81) (layer F.SilkS) (width 0.12))
    (fp_line (start -2.09 -2.749) (end -1.09 -3.749) (layer F.Fab) (width 0.1))
    (fp_line (start -2.09 5.351) (end -2.09 -2.749) (layer F.Fab) (width 0.1))
    (fp_line (start 30.11 5.351) (end -2.09 5.351) (layer F.Fab) (width 0.1))
    (fp_line (start 30.11 -3.749) (end 30.11 5.351) (layer F.Fab) (width 0.1))
    (fp_line (start -1.09 -3.749) (end 30.11 -3.749) (layer F.Fab) (width 0.1))
    (pad 12 thru_hole oval (at 27.94 0 180) (size 1.5 2.3) (drill 1) (layers *.Cu *.Mask))
    (pad 11 thru_hole oval (at 25.4 0 180) (size 1.5 2.3) (drill 1) (layers *.Cu *.Mask)
      (net 9 +5V))
    (pad 10 thru_hole oval (at 22.86 0 180) (size 1.5 2.3) (drill 1) (layers *.Cu *.Mask)
      (net 1 GNDD))
    (pad 9 thru_hole oval (at 20.32 0 180) (size 1.5 2.3) (drill 1) (layers *.Cu *.Mask))
    (pad 3 thru_hole oval (at 5.08 0 180) (size 1.5 2.3) (drill 1) (layers *.Cu *.Mask))
    (pad 2 thru_hole oval (at 2.54 0 180) (size 1.5 2.3) (drill 1) (layers *.Cu *.Mask)
      (net 8 /IN_GND_24v))
    (pad 1 thru_hole rect (at 0 0 180) (size 1.5 2.3) (drill 1) (layers *.Cu *.Mask)
      (net 7 /IN_+24v))
    (model D:/Radio/KiCad/share/kicad/kicad-packages3D-master/Converter_DCDC.3dshapes/Converter_DCDC_AM3F-xxxxSH52Z_THT.step
      (at (xyz 0 0 0))
      (scale (xyz 1 1 1))
      (rotate (xyz 0 0 0))
    )
  )

  (module Connector_RJ:RJ45_Ninigi_GE (layer F.Cu) (tedit 5E92AC1D) (tstamp 5E91DE25)
    (at 105.9 104.7 270)
    (descr "1 port ethernet throughhole connector, https://en.ninigi.com/product/rj45ge/pdf")
    (tags "RJ45 ethernet 8p8c")
    (path /5E9DC6F6)
    (fp_text reference J3 (at 4.445 -5.34 270) (layer F.SilkS)
      (effects (font (size 1 1) (thickness 0.15)))
    )
    (fp_text value RJ45_Shielded (at 4.455 13.26 270) (layer F.Fab)
      (effects (font (size 1 1) (thickness 0.15)))
    )
    (fp_text user %R (at 4.445 6.36 270) (layer F.Fab)
      (effects (font (size 1 1) (thickness 0.15)))
    )
    (fp_line (start -3.565 11.15) (end -3.565 14.59) (layer F.SilkS) (width 0.12))
    (fp_line (start -3.455 -2.84) (end -2.125 -4.17) (layer F.Fab) (width 0.1))
    (fp_line (start -4.441 0.508) (end -3.933 0) (layer F.SilkS) (width 0.12))
    (fp_line (start -4.441 -0.508) (end -4.441 0.508) (layer F.SilkS) (width 0.12))
    (fp_line (start -3.933 0) (end -4.441 -0.508) (layer F.SilkS) (width 0.12))
    (fp_line (start -5.33 14.98) (end -5.33 -4.67) (layer F.CrtYd) (width 0.05))
    (fp_line (start 14.22 14.98) (end -5.33 14.98) (layer F.CrtYd) (width 0.05))
    (fp_line (start 14.22 -4.67) (end 14.22 14.98) (layer F.CrtYd) (width 0.05))
    (fp_line (start -5.33 -4.67) (end 14.22 -4.67) (layer F.CrtYd) (width 0.05))
    (fp_line (start 12.455 11.15) (end 12.455 14.59) (layer F.SilkS) (width 0.12))
    (fp_line (start 12.455 14.59) (end -3.565 14.59) (layer F.SilkS) (width 0.12))
    (fp_line (start -3.565 -4.28) (end -3.565 7.65) (layer F.SilkS) (width 0.12))
    (fp_line (start 12.455 -4.28) (end -3.565 -4.28) (layer F.SilkS) (width 0.12))
    (fp_line (start 12.455 -4.28) (end 12.455 7.65) (layer F.SilkS) (width 0.12))
    (fp_line (start 12.345 14.48) (end -3.455 14.48) (layer F.Fab) (width 0.1))
    (fp_line (start 12.345 14.48) (end 12.345 -4.17) (layer F.Fab) (width 0.1))
    (fp_line (start 12.345 -4.17) (end -2.125 -4.17) (layer F.Fab) (width 0.1))
    (fp_line (start -3.455 -2.84) (end -3.455 14.48) (layer F.Fab) (width 0.1))
    (pad 6 thru_hole circle (at 6.35 -2.54 90) (size 1.5 1.5) (drill 0.9) (layers *.Cu *.Mask))
    (pad 8 thru_hole circle (at 8.89 -2.54 90) (size 1.5 1.5) (drill 0.9) (layers *.Cu *.Mask)
      (net 8 /IN_GND_24v))
    (pad SH thru_hole circle (at -3.325 9.4 270) (size 3 3) (drill 1.6) (layers *.Cu *.Mask)
      (net 3 /GND_5v_IN_ISO))
    (pad 2 thru_hole circle (at 1.27 -2.54 90) (size 1.5 1.5) (drill 0.9) (layers *.Cu *.Mask)
      (net 20 /A_ISO))
    (pad 1 thru_hole rect (at 0 0 90) (size 1.5 1.5) (drill 0.9) (layers *.Cu *.Mask)
      (net 19 /B_ISO))
    (pad 7 thru_hole circle (at 7.62 0 90) (size 1.5 1.5) (drill 0.9) (layers *.Cu *.Mask)
      (net 7 /IN_+24v))
    (pad 4 thru_hole circle (at 3.81 -2.54 90) (size 1.5 1.5) (drill 0.9) (layers *.Cu *.Mask)
      (net 4 /+5v_IN_ISO))
    (pad 5 thru_hole circle (at 5.08 0 90) (size 1.5 1.5) (drill 0.9) (layers *.Cu *.Mask))
    (pad 3 thru_hole circle (at 2.54 0 90) (size 1.5 1.5) (drill 0.9) (layers *.Cu *.Mask)
      (net 3 /GND_5v_IN_ISO))
    (pad "" np_thru_hole circle (at -1.27 6.35 270) (size 3.25 3.25) (drill 3.25) (layers *.Cu *.Mask))
    (pad SH thru_hole circle (at 12.215 9.4 90) (size 3 3) (drill 1.6) (layers *.Cu *.Mask)
      (net 3 /GND_5v_IN_ISO))
    (pad "" np_thru_hole circle (at 10.16 6.35 90) (size 3.25 3.25) (drill 3.25) (layers *.Cu *.Mask))
    (model D:/Radio/KiCad/share/kicad/kicad-packages3D-master/Connector_RJ.3dshapes/ACC-M-FRJAE-418-REVT1.STEP
      (offset (xyz 4.5 -5.1 4))
      (scale (xyz 1 1 1))
      (rotate (xyz -90 0 0))
    )
  )

  (module Capacitor_SMD:C_0603_1608Metric_Pad1.05x0.95mm_HandSolder (layer F.Cu) (tedit 5B301BBE) (tstamp 5E91DC22)
    (at 95.4 85.6 180)
    (descr "Capacitor SMD 0603 (1608 Metric), square (rectangular) end terminal, IPC_7351 nominal with elongated pad for handsoldering. (Body size source: http://www.tortai-tech.com/upload/download/2011102023233369053.pdf), generated with kicad-footprint-generator")
    (tags "capacitor handsolder")
    (path /5E9DC74F)
    (attr smd)
    (fp_text reference C1 (at -2.78 -0.03 180) (layer F.SilkS)
      (effects (font (size 1 1) (thickness 0.15)))
    )
    (fp_text value "0.1 mkf" (at 0 1.43 180) (layer F.Fab)
      (effects (font (size 1 1) (thickness 0.15)))
    )
    (fp_text user %R (at 0 0 180) (layer F.Fab)
      (effects (font (size 0.4 0.4) (thickness 0.06)))
    )
    (fp_line (start 1.65 0.73) (end -1.65 0.73) (layer F.CrtYd) (width 0.05))
    (fp_line (start 1.65 -0.73) (end 1.65 0.73) (layer F.CrtYd) (width 0.05))
    (fp_line (start -1.65 -0.73) (end 1.65 -0.73) (layer F.CrtYd) (width 0.05))
    (fp_line (start -1.65 0.73) (end -1.65 -0.73) (layer F.CrtYd) (width 0.05))
    (fp_line (start -0.171267 0.51) (end 0.171267 0.51) (layer F.SilkS) (width 0.12))
    (fp_line (start -0.171267 -0.51) (end 0.171267 -0.51) (layer F.SilkS) (width 0.12))
    (fp_line (start 0.8 0.4) (end -0.8 0.4) (layer F.Fab) (width 0.1))
    (fp_line (start 0.8 -0.4) (end 0.8 0.4) (layer F.Fab) (width 0.1))
    (fp_line (start -0.8 -0.4) (end 0.8 -0.4) (layer F.Fab) (width 0.1))
    (fp_line (start -0.8 0.4) (end -0.8 -0.4) (layer F.Fab) (width 0.1))
    (pad 2 smd roundrect (at 0.875 0 180) (size 1.05 0.95) (layers F.Cu F.Paste F.Mask) (roundrect_rratio 0.25)
      (net 2 VPP))
    (pad 1 smd roundrect (at -0.875 0 180) (size 1.05 0.95) (layers F.Cu F.Paste F.Mask) (roundrect_rratio 0.25)
      (net 1 GNDD))
    (model ${KISYS3DMOD}/Capacitor_SMD.3dshapes/C_0603_1608Metric.wrl
      (at (xyz 0 0 0))
      (scale (xyz 1 1 1))
      (rotate (xyz 0 0 0))
    )
  )

  (module Capacitor_SMD:C_0603_1608Metric_Pad1.05x0.95mm_HandSolder (layer F.Cu) (tedit 5B301BBE) (tstamp 5E91DC33)
    (at 95.4 90.1)
    (descr "Capacitor SMD 0603 (1608 Metric), square (rectangular) end terminal, IPC_7351 nominal with elongated pad for handsoldering. (Body size source: http://www.tortai-tech.com/upload/download/2011102023233369053.pdf), generated with kicad-footprint-generator")
    (tags "capacitor handsolder")
    (path /5E9DC75F)
    (attr smd)
    (fp_text reference C2 (at 2.78 -0.01) (layer F.SilkS)
      (effects (font (size 1 1) (thickness 0.15)))
    )
    (fp_text value "0.1 mkf" (at 0 1.43) (layer F.Fab)
      (effects (font (size 1 1) (thickness 0.15)))
    )
    (fp_text user %R (at 0 0) (layer F.Fab)
      (effects (font (size 0.4 0.4) (thickness 0.06)))
    )
    (fp_line (start 1.65 0.73) (end -1.65 0.73) (layer F.CrtYd) (width 0.05))
    (fp_line (start 1.65 -0.73) (end 1.65 0.73) (layer F.CrtYd) (width 0.05))
    (fp_line (start -1.65 -0.73) (end 1.65 -0.73) (layer F.CrtYd) (width 0.05))
    (fp_line (start -1.65 0.73) (end -1.65 -0.73) (layer F.CrtYd) (width 0.05))
    (fp_line (start -0.171267 0.51) (end 0.171267 0.51) (layer F.SilkS) (width 0.12))
    (fp_line (start -0.171267 -0.51) (end 0.171267 -0.51) (layer F.SilkS) (width 0.12))
    (fp_line (start 0.8 0.4) (end -0.8 0.4) (layer F.Fab) (width 0.1))
    (fp_line (start 0.8 -0.4) (end 0.8 0.4) (layer F.Fab) (width 0.1))
    (fp_line (start -0.8 -0.4) (end 0.8 -0.4) (layer F.Fab) (width 0.1))
    (fp_line (start -0.8 0.4) (end -0.8 -0.4) (layer F.Fab) (width 0.1))
    (pad 2 smd roundrect (at 0.875 0) (size 1.05 0.95) (layers F.Cu F.Paste F.Mask) (roundrect_rratio 0.25)
      (net 3 /GND_5v_IN_ISO))
    (pad 1 smd roundrect (at -0.875 0) (size 1.05 0.95) (layers F.Cu F.Paste F.Mask) (roundrect_rratio 0.25)
      (net 4 /+5v_IN_ISO))
    (model ${KISYS3DMOD}/Capacitor_SMD.3dshapes/C_0603_1608Metric.wrl
      (at (xyz 0 0 0))
      (scale (xyz 1 1 1))
      (rotate (xyz 0 0 0))
    )
  )

  (module Capacitor_SMD:C_0805_2012Metric_Pad1.15x1.40mm_HandSolder (layer B.Cu) (tedit 5B36C52B) (tstamp 5E91DC44)
    (at 121.5 100.3 270)
    (descr "Capacitor SMD 0805 (2012 Metric), square (rectangular) end terminal, IPC_7351 nominal with elongated pad for handsoldering. (Body size source: https://docs.google.com/spreadsheets/d/1BsfQQcO9C6DZCsRaXUlFlo91Tg2WpOkGARC1WS5S8t0/edit?usp=sharing), generated with kicad-footprint-generator")
    (tags "capacitor handsolder")
    (path /5E9DC6A8)
    (attr smd)
    (fp_text reference C3 (at 2.85 -0.14 270) (layer B.SilkS)
      (effects (font (size 1 1) (thickness 0.15)) (justify mirror))
    )
    (fp_text value "10 mkf" (at 0 -1.65 270) (layer B.Fab)
      (effects (font (size 1 1) (thickness 0.15)) (justify mirror))
    )
    (fp_text user %R (at 0 0 270) (layer B.Fab)
      (effects (font (size 0.5 0.5) (thickness 0.08)) (justify mirror))
    )
    (fp_line (start 1.85 -0.95) (end -1.85 -0.95) (layer B.CrtYd) (width 0.05))
    (fp_line (start 1.85 0.95) (end 1.85 -0.95) (layer B.CrtYd) (width 0.05))
    (fp_line (start -1.85 0.95) (end 1.85 0.95) (layer B.CrtYd) (width 0.05))
    (fp_line (start -1.85 -0.95) (end -1.85 0.95) (layer B.CrtYd) (width 0.05))
    (fp_line (start -0.261252 -0.71) (end 0.261252 -0.71) (layer B.SilkS) (width 0.12))
    (fp_line (start -0.261252 0.71) (end 0.261252 0.71) (layer B.SilkS) (width 0.12))
    (fp_line (start 1 -0.6) (end -1 -0.6) (layer B.Fab) (width 0.1))
    (fp_line (start 1 0.6) (end 1 -0.6) (layer B.Fab) (width 0.1))
    (fp_line (start -1 0.6) (end 1 0.6) (layer B.Fab) (width 0.1))
    (fp_line (start -1 -0.6) (end -1 0.6) (layer B.Fab) (width 0.1))
    (pad 2 smd roundrect (at 1.025 0 270) (size 1.15 1.4) (layers B.Cu B.Paste B.Mask) (roundrect_rratio 0.217391)
      (net 3 /GND_5v_IN_ISO))
    (pad 1 smd roundrect (at -1.025 0 270) (size 1.15 1.4) (layers B.Cu B.Paste B.Mask) (roundrect_rratio 0.217391)
      (net 4 /+5v_IN_ISO))
    (model ${KISYS3DMOD}/Capacitor_SMD.3dshapes/C_0805_2012Metric.wrl
      (at (xyz 0 0 0))
      (scale (xyz 1 1 1))
      (rotate (xyz 0 0 0))
    )
  )

  (module Capacitor_SMD:C_0603_1608Metric_Pad1.05x0.95mm_HandSolder (layer B.Cu) (tedit 5B301BBE) (tstamp 5E91DC55)
    (at 119.7 100.125 270)
    (descr "Capacitor SMD 0603 (1608 Metric), square (rectangular) end terminal, IPC_7351 nominal with elongated pad for handsoldering. (Body size source: http://www.tortai-tech.com/upload/download/2011102023233369053.pdf), generated with kicad-footprint-generator")
    (tags "capacitor handsolder")
    (path /5E9DC6A2)
    (attr smd)
    (fp_text reference C4 (at 2.605 0.05 270) (layer B.SilkS)
      (effects (font (size 1 1) (thickness 0.15)) (justify mirror))
    )
    (fp_text value "0.1 mkf" (at 0 -1.43 270) (layer B.Fab)
      (effects (font (size 1 1) (thickness 0.15)) (justify mirror))
    )
    (fp_text user %R (at 0 0 270) (layer B.Fab)
      (effects (font (size 0.4 0.4) (thickness 0.06)) (justify mirror))
    )
    (fp_line (start 1.65 -0.73) (end -1.65 -0.73) (layer B.CrtYd) (width 0.05))
    (fp_line (start 1.65 0.73) (end 1.65 -0.73) (layer B.CrtYd) (width 0.05))
    (fp_line (start -1.65 0.73) (end 1.65 0.73) (layer B.CrtYd) (width 0.05))
    (fp_line (start -1.65 -0.73) (end -1.65 0.73) (layer B.CrtYd) (width 0.05))
    (fp_line (start -0.171267 -0.51) (end 0.171267 -0.51) (layer B.SilkS) (width 0.12))
    (fp_line (start -0.171267 0.51) (end 0.171267 0.51) (layer B.SilkS) (width 0.12))
    (fp_line (start 0.8 -0.4) (end -0.8 -0.4) (layer B.Fab) (width 0.1))
    (fp_line (start 0.8 0.4) (end 0.8 -0.4) (layer B.Fab) (width 0.1))
    (fp_line (start -0.8 0.4) (end 0.8 0.4) (layer B.Fab) (width 0.1))
    (fp_line (start -0.8 -0.4) (end -0.8 0.4) (layer B.Fab) (width 0.1))
    (pad 2 smd roundrect (at 0.875 0 270) (size 1.05 0.95) (layers B.Cu B.Paste B.Mask) (roundrect_rratio 0.25)
      (net 3 /GND_5v_IN_ISO))
    (pad 1 smd roundrect (at -0.875 0 270) (size 1.05 0.95) (layers B.Cu B.Paste B.Mask) (roundrect_rratio 0.25)
      (net 4 /+5v_IN_ISO))
    (model ${KISYS3DMOD}/Capacitor_SMD.3dshapes/C_0603_1608Metric.wrl
      (at (xyz 0 0 0))
      (scale (xyz 1 1 1))
      (rotate (xyz 0 0 0))
    )
  )

  (module Capacitor_SMD:C_0603_1608Metric_Pad1.05x0.95mm_HandSolder (layer F.Cu) (tedit 5B301BBE) (tstamp 5E91DC66)
    (at 118.2 79 90)
    (descr "Capacitor SMD 0603 (1608 Metric), square (rectangular) end terminal, IPC_7351 nominal with elongated pad for handsoldering. (Body size source: http://www.tortai-tech.com/upload/download/2011102023233369053.pdf), generated with kicad-footprint-generator")
    (tags "capacitor handsolder")
    (path /5E9C2191)
    (attr smd)
    (fp_text reference C5 (at 0 -1.43 90) (layer F.SilkS)
      (effects (font (size 1 1) (thickness 0.15)))
    )
    (fp_text value "22 pf" (at 0 1.43 90) (layer F.Fab)
      (effects (font (size 1 1) (thickness 0.15)))
    )
    (fp_text user %R (at 0 0 90) (layer F.Fab)
      (effects (font (size 0.4 0.4) (thickness 0.06)))
    )
    (fp_line (start 1.65 0.73) (end -1.65 0.73) (layer F.CrtYd) (width 0.05))
    (fp_line (start 1.65 -0.73) (end 1.65 0.73) (layer F.CrtYd) (width 0.05))
    (fp_line (start -1.65 -0.73) (end 1.65 -0.73) (layer F.CrtYd) (width 0.05))
    (fp_line (start -1.65 0.73) (end -1.65 -0.73) (layer F.CrtYd) (width 0.05))
    (fp_line (start -0.171267 0.51) (end 0.171267 0.51) (layer F.SilkS) (width 0.12))
    (fp_line (start -0.171267 -0.51) (end 0.171267 -0.51) (layer F.SilkS) (width 0.12))
    (fp_line (start 0.8 0.4) (end -0.8 0.4) (layer F.Fab) (width 0.1))
    (fp_line (start 0.8 -0.4) (end 0.8 0.4) (layer F.Fab) (width 0.1))
    (fp_line (start -0.8 -0.4) (end 0.8 -0.4) (layer F.Fab) (width 0.1))
    (fp_line (start -0.8 0.4) (end -0.8 -0.4) (layer F.Fab) (width 0.1))
    (pad 2 smd roundrect (at 0.875 0 90) (size 1.05 0.95) (layers F.Cu F.Paste F.Mask) (roundrect_rratio 0.25)
      (net 1 GNDD))
    (pad 1 smd roundrect (at -0.875 0 90) (size 1.05 0.95) (layers F.Cu F.Paste F.Mask) (roundrect_rratio 0.25)
      (net 5 /1_CX_IN))
    (model ${KISYS3DMOD}/Capacitor_SMD.3dshapes/C_0603_1608Metric.wrl
      (at (xyz 0 0 0))
      (scale (xyz 1 1 1))
      (rotate (xyz 0 0 0))
    )
  )

  (module Capacitor_SMD:C_0603_1608Metric_Pad1.05x0.95mm_HandSolder (layer F.Cu) (tedit 5B301BBE) (tstamp 5E91DC77)
    (at 125.6 79 90)
    (descr "Capacitor SMD 0603 (1608 Metric), square (rectangular) end terminal, IPC_7351 nominal with elongated pad for handsoldering. (Body size source: http://www.tortai-tech.com/upload/download/2011102023233369053.pdf), generated with kicad-footprint-generator")
    (tags "capacitor handsolder")
    (path /5E9C218B)
    (attr smd)
    (fp_text reference C6 (at 0 1.4 90) (layer F.SilkS)
      (effects (font (size 1 1) (thickness 0.15)))
    )
    (fp_text value "22 pf" (at 0 1.43 90) (layer F.Fab)
      (effects (font (size 1 1) (thickness 0.15)))
    )
    (fp_text user %R (at 0 0 90) (layer F.Fab)
      (effects (font (size 0.4 0.4) (thickness 0.06)))
    )
    (fp_line (start 1.65 0.73) (end -1.65 0.73) (layer F.CrtYd) (width 0.05))
    (fp_line (start 1.65 -0.73) (end 1.65 0.73) (layer F.CrtYd) (width 0.05))
    (fp_line (start -1.65 -0.73) (end 1.65 -0.73) (layer F.CrtYd) (width 0.05))
    (fp_line (start -1.65 0.73) (end -1.65 -0.73) (layer F.CrtYd) (width 0.05))
    (fp_line (start -0.171267 0.51) (end 0.171267 0.51) (layer F.SilkS) (width 0.12))
    (fp_line (start -0.171267 -0.51) (end 0.171267 -0.51) (layer F.SilkS) (width 0.12))
    (fp_line (start 0.8 0.4) (end -0.8 0.4) (layer F.Fab) (width 0.1))
    (fp_line (start 0.8 -0.4) (end 0.8 0.4) (layer F.Fab) (width 0.1))
    (fp_line (start -0.8 -0.4) (end 0.8 -0.4) (layer F.Fab) (width 0.1))
    (fp_line (start -0.8 0.4) (end -0.8 -0.4) (layer F.Fab) (width 0.1))
    (pad 2 smd roundrect (at 0.875 0 90) (size 1.05 0.95) (layers F.Cu F.Paste F.Mask) (roundrect_rratio 0.25)
      (net 6 /1_CX_OUT))
    (pad 1 smd roundrect (at -0.875 0 90) (size 1.05 0.95) (layers F.Cu F.Paste F.Mask) (roundrect_rratio 0.25)
      (net 1 GNDD))
    (model ${KISYS3DMOD}/Capacitor_SMD.3dshapes/C_0603_1608Metric.wrl
      (at (xyz 0 0 0))
      (scale (xyz 1 1 1))
      (rotate (xyz 0 0 0))
    )
  )

  (module Capacitor_SMD:C_0603_1608Metric_Pad1.05x0.95mm_HandSolder (layer B.Cu) (tedit 5B301BBE) (tstamp 5E91DC88)
    (at 118.9 68.3)
    (descr "Capacitor SMD 0603 (1608 Metric), square (rectangular) end terminal, IPC_7351 nominal with elongated pad for handsoldering. (Body size source: http://www.tortai-tech.com/upload/download/2011102023233369053.pdf), generated with kicad-footprint-generator")
    (tags "capacitor handsolder")
    (path /5E9C21B5)
    (attr smd)
    (fp_text reference C7 (at -0.05 -1.5) (layer B.SilkS)
      (effects (font (size 1 1) (thickness 0.15)) (justify mirror))
    )
    (fp_text value "0.1 mkf" (at 0 -1.43) (layer B.Fab)
      (effects (font (size 1 1) (thickness 0.15)) (justify mirror))
    )
    (fp_text user %R (at 0 0) (layer B.Fab)
      (effects (font (size 0.4 0.4) (thickness 0.06)) (justify mirror))
    )
    (fp_line (start 1.65 -0.73) (end -1.65 -0.73) (layer B.CrtYd) (width 0.05))
    (fp_line (start 1.65 0.73) (end 1.65 -0.73) (layer B.CrtYd) (width 0.05))
    (fp_line (start -1.65 0.73) (end 1.65 0.73) (layer B.CrtYd) (width 0.05))
    (fp_line (start -1.65 -0.73) (end -1.65 0.73) (layer B.CrtYd) (width 0.05))
    (fp_line (start -0.171267 -0.51) (end 0.171267 -0.51) (layer B.SilkS) (width 0.12))
    (fp_line (start -0.171267 0.51) (end 0.171267 0.51) (layer B.SilkS) (width 0.12))
    (fp_line (start 0.8 -0.4) (end -0.8 -0.4) (layer B.Fab) (width 0.1))
    (fp_line (start 0.8 0.4) (end 0.8 -0.4) (layer B.Fab) (width 0.1))
    (fp_line (start -0.8 0.4) (end 0.8 0.4) (layer B.Fab) (width 0.1))
    (fp_line (start -0.8 -0.4) (end -0.8 0.4) (layer B.Fab) (width 0.1))
    (pad 2 smd roundrect (at 0.875 0) (size 1.05 0.95) (layers B.Cu B.Paste B.Mask) (roundrect_rratio 0.25)
      (net 1 GNDD))
    (pad 1 smd roundrect (at -0.875 0) (size 1.05 0.95) (layers B.Cu B.Paste B.Mask) (roundrect_rratio 0.25)
      (net 2 VPP))
    (model ${KISYS3DMOD}/Capacitor_SMD.3dshapes/C_0603_1608Metric.wrl
      (at (xyz 0 0 0))
      (scale (xyz 1 1 1))
      (rotate (xyz 0 0 0))
    )
  )

  (module Capacitor_SMD:C_0603_1608Metric_Pad1.05x0.95mm_HandSolder (layer B.Cu) (tedit 5B301BBE) (tstamp 5E91DC99)
    (at 115.9 65.3 270)
    (descr "Capacitor SMD 0603 (1608 Metric), square (rectangular) end terminal, IPC_7351 nominal with elongated pad for handsoldering. (Body size source: http://www.tortai-tech.com/upload/download/2011102023233369053.pdf), generated with kicad-footprint-generator")
    (tags "capacitor handsolder")
    (path /5E9C21AF)
    (attr smd)
    (fp_text reference C8 (at 0 1.43 270) (layer B.SilkS)
      (effects (font (size 1 1) (thickness 0.15)) (justify mirror))
    )
    (fp_text value "0.1 mkf" (at 0 -1.43 270) (layer B.Fab)
      (effects (font (size 1 1) (thickness 0.15)) (justify mirror))
    )
    (fp_text user %R (at 0 0 270) (layer B.Fab)
      (effects (font (size 0.4 0.4) (thickness 0.06)) (justify mirror))
    )
    (fp_line (start 1.65 -0.73) (end -1.65 -0.73) (layer B.CrtYd) (width 0.05))
    (fp_line (start 1.65 0.73) (end 1.65 -0.73) (layer B.CrtYd) (width 0.05))
    (fp_line (start -1.65 0.73) (end 1.65 0.73) (layer B.CrtYd) (width 0.05))
    (fp_line (start -1.65 -0.73) (end -1.65 0.73) (layer B.CrtYd) (width 0.05))
    (fp_line (start -0.171267 -0.51) (end 0.171267 -0.51) (layer B.SilkS) (width 0.12))
    (fp_line (start -0.171267 0.51) (end 0.171267 0.51) (layer B.SilkS) (width 0.12))
    (fp_line (start 0.8 -0.4) (end -0.8 -0.4) (layer B.Fab) (width 0.1))
    (fp_line (start 0.8 0.4) (end 0.8 -0.4) (layer B.Fab) (width 0.1))
    (fp_line (start -0.8 0.4) (end 0.8 0.4) (layer B.Fab) (width 0.1))
    (fp_line (start -0.8 -0.4) (end -0.8 0.4) (layer B.Fab) (width 0.1))
    (pad 2 smd roundrect (at 0.875 0 270) (size 1.05 0.95) (layers B.Cu B.Paste B.Mask) (roundrect_rratio 0.25)
      (net 1 GNDD))
    (pad 1 smd roundrect (at -0.875 0 270) (size 1.05 0.95) (layers B.Cu B.Paste B.Mask) (roundrect_rratio 0.25)
      (net 2 VPP))
    (model ${KISYS3DMOD}/Capacitor_SMD.3dshapes/C_0603_1608Metric.wrl
      (at (xyz 0 0 0))
      (scale (xyz 1 1 1))
      (rotate (xyz 0 0 0))
    )
  )

  (module Capacitor_SMD:C_0603_1608Metric_Pad1.05x0.95mm_HandSolder (layer B.Cu) (tedit 5B301BBE) (tstamp 5E91DCAA)
    (at 113.5 70.2)
    (descr "Capacitor SMD 0603 (1608 Metric), square (rectangular) end terminal, IPC_7351 nominal with elongated pad for handsoldering. (Body size source: http://www.tortai-tech.com/upload/download/2011102023233369053.pdf), generated with kicad-footprint-generator")
    (tags "capacitor handsolder")
    (path /5E9C21A9)
    (attr smd)
    (fp_text reference C9 (at -3.63 -0.08) (layer B.SilkS)
      (effects (font (size 1 1) (thickness 0.15)) (justify mirror))
    )
    (fp_text value "0.1 mkf" (at 0 -1.43) (layer B.Fab)
      (effects (font (size 1 1) (thickness 0.15)) (justify mirror))
    )
    (fp_text user %R (at 0 0) (layer B.Fab)
      (effects (font (size 0.4 0.4) (thickness 0.06)) (justify mirror))
    )
    (fp_line (start 1.65 -0.73) (end -1.65 -0.73) (layer B.CrtYd) (width 0.05))
    (fp_line (start 1.65 0.73) (end 1.65 -0.73) (layer B.CrtYd) (width 0.05))
    (fp_line (start -1.65 0.73) (end 1.65 0.73) (layer B.CrtYd) (width 0.05))
    (fp_line (start -1.65 -0.73) (end -1.65 0.73) (layer B.CrtYd) (width 0.05))
    (fp_line (start -0.171267 -0.51) (end 0.171267 -0.51) (layer B.SilkS) (width 0.12))
    (fp_line (start -0.171267 0.51) (end 0.171267 0.51) (layer B.SilkS) (width 0.12))
    (fp_line (start 0.8 -0.4) (end -0.8 -0.4) (layer B.Fab) (width 0.1))
    (fp_line (start 0.8 0.4) (end 0.8 -0.4) (layer B.Fab) (width 0.1))
    (fp_line (start -0.8 0.4) (end 0.8 0.4) (layer B.Fab) (width 0.1))
    (fp_line (start -0.8 -0.4) (end -0.8 0.4) (layer B.Fab) (width 0.1))
